[gd_scene load_steps=7 format=3 uid="uid://chkxgt76g2f53"]

[ext_resource type="PackedScene" uid="uid://bhsmhvxq7qf7o" path="res://scenes/cards forms/blank_card.tscn" id="1_8ipqb"]

[sub_resource type="Animation" id="Animation_uxy04"]
resource_name = "spin"
length = 2.0
loop_mode = 1
tracks/0/type = "value"
tracks/0/imported = false
tracks/0/enabled = true
tracks/0/path = NodePath(".:rotation")
tracks/0/interp = 1
tracks/0/loop_wrap = true
tracks/0/keys = {
"times": PackedFloat32Array(0, 2),
"transitions": PackedFloat32Array(1, 1),
"update": 0,
"values": [Vector3(0, 0, 0.785398), Vector3(0, 6.28319, 0.785398)]
}

[sub_resource type="Animation" id="Animation_2u2ox"]
length = 0.001
tracks/0/type = "value"
tracks/0/imported = false
tracks/0/enabled = true
tracks/0/path = NodePath(".:rotation")
tracks/0/interp = 1
tracks/0/loop_wrap = true
tracks/0/keys = {
"times": PackedFloat32Array(0),
"transitions": PackedFloat32Array(1),
"update": 0,
"values": [Vector3(0, 0, 0.785398)]
}

[sub_resource type="AnimationLibrary" id="AnimationLibrary_hwpxo"]
_data = {
"RESET": SubResource("Animation_2u2ox"),
"spin": SubResource("Animation_uxy04")
}

[sub_resource type="PlaneMesh" id="PlaneMesh_qkbnm"]
size = Vector2(5, 5)

[sub_resource type="StandardMaterial3D" id="StandardMaterial3D_5okbl"]
albedo_color = Color(0.145098, 0.145098, 0.145098, 1)
metallic_specular = 0.0

[node name="Attract" type="Node3D"]

[node name="BlankCard" parent="." instance=ExtResource("1_8ipqb")]
transform = Transform3D(0.707107, -0.707107, 0, 0.707107, 0.707107, 0, 0, 0, 1, 0, 0.626484, 0)

[node name="AnimationPlayer" type="AnimationPlayer" parent="BlankCard"]
autoplay = "spin"
libraries = {
"": SubResource("AnimationLibrary_hwpxo")
}

[node name="Camera3D" type="Camera3D" parent="."]
transform = Transform3D(0.707107, 0.149429, -0.691137, 0, 0.977416, 0.211325, 0.707107, -0.149429, 0.691137, -1, 1, 1)
fov = 60.0

[node name="Floor" type="MeshInstance3D" parent="."]
mesh = SubResource("PlaneMesh_qkbnm")
surface_material_override/0 = SubResource("StandardMaterial3D_5okbl")

[node name="DirectionalLight3D" type="DirectionalLight3D" parent="."]
transform = Transform3D(-0.494579, 0.77257, -0.398155, 5.19793e-09, 0.458107, 0.888897, 0.869133, 0.43963, -0.22657, -1.01196, 1.37136, 0.939484)

[node name="OmniLight3D" type="OmniLight3D" parent="."]
transform = Transform3D(1, 0, 0, 0, 1, 0, 0, 0, 1, -0.917778, 1.23655, 1.38661)
